IRrecvDump is now running and waiting for IR input on Pin 14
Timestamp : 000006.352
Library   : v2.8.6

Protocol  : HAIER_AC_YRW02
Code      : 0xA68C310009A00020000000000531 (112 Bits)
Mesg Desc.: Model: 1 (V9014557-A), Power: Off, Button: 5 (Power), Mode: 1 (Cool), Temp: 24C, Fan: 5 (Auto), Turbo: Off, Quiet: Off, Swing(V): 12 (Auto), Swing(H): 1 (UNKNOWN), Sleep: Off, Health: Off, Timer Mode: 0 (N/A), On Timer: Off, Off Timer: Off, Lock: Off
uint16_t rawData[229] = {3086, 3056,  3056, 4432,  566, 1682,  546, 558,  566, 1684,  544, 564,  566, 558,  566, 1684,  544, 1684,  546, 564,  566, 1682,  546, 558,  566, 558,  566, 564,  566, 1684,  546, 1684,  544, 560,  566, 562,  566, 558,  566, 558,  566, 1684,  546, 1674,  546, 558,  566, 558,  566, 558,  568, 1674,  546, 558,  566, 558,  568, 558,  568, 562,  568, 558,  566, 558,  568, 556,  568, 562,  568, 556,  568, 556,  566, 558,  568, 562,  568, 1682,  546, 556,  568, 556,  568, 1672,  548, 1682,  548, 556,  570, 1680,  548, 560,  568, 556,  568, 556,  568, 556,  570, 560,  568, 556,  570, 556,  568, 556,  570, 560,  570, 556,  570, 556,  570, 554,  570, 560,  570, 556,  568, 556,  570, 1682,  548, 560,  570, 554,  570, 554,  570, 556,  570, 560,  570, 554,  570, 554,  570, 554,  572, 558,  570, 552,  572, 554,  570, 554,  570, 558,  570, 554,  572, 554,  572, 552,  572, 558,  572, 554,  570, 554,  570, 552,  572, 558,  572, 552,  572, 554,  572, 552,  572, 558,  570, 554,  572, 552,  572, 554,  570, 558,  572, 554,  572, 552,  572, 554,  570, 558,  572, 554,  570, 554,  572, 554,  572, 558,  572, 552,  572, 552,  572, 554,  572, 558,  572, 552,  572, 1680,  550, 552,  572, 1670,  550, 552,  572, 552,  572, 1680,  550, 1670,  550, 552,  572, 552,  572, 552,  572, 1644,  570};  // HAIER_AC_YRW02
uint8_t state[14] = {0xA6, 0x8C, 0x31, 0x00, 0x09, 0xA0, 0x00, 0x20, 0x00, 0x00, 0x00, 0x00, 0x05, 0x31};


Timestamp : 000010.884
Library   : v2.8.6

Protocol  : HAIER_AC_YRW02
Code      : 0xA68C310049A00020000000000571 (112 Bits)
Mesg Desc.: Model: 1 (V9014557-A), Power: On, Button: 5 (Power), Mode: 1 (Cool), Temp: 24C, Fan: 5 (Auto), Turbo: Off, Quiet: Off, Swing(V): 12 (Auto), Swing(H): 1 (UNKNOWN), Sleep: Off, Health: Off, Timer Mode: 0 (N/A), On Timer: Off, Off Timer: Off, Lock: Off
uint16_t rawData[229] = {3056, 3054,  3058, 4430,  568, 1682,  548, 554,  570, 1680,  548, 560,  570, 554,  570, 1682,  546, 1682,  548, 560,  570, 1680,  548, 554,  572, 552,  572, 558,  570, 1680,  548, 1680,  548, 554,  570, 558,  572, 554,  572, 552,  572, 1680,  550, 1670,  548, 552,  572, 552,  572, 552,  572, 1670,  550, 552,  572, 552,  572, 550,  574, 556,  572, 552,  572, 552,  572, 552,  572, 558,  574, 550,  574, 1678,  550, 552,  572, 556,  574, 1678,  550, 552,  572, 552,  572, 1670,  548, 1680,  550, 552,  572, 1680,  548, 558,  570, 554,  570, 554,  570, 554,  568, 560,  570, 554,  570, 556,  570, 554,  570, 560,  570, 556,  568, 556,  568, 556,  570, 560,  568, 556,  568, 556,  570, 1680,  548, 562,  568, 556,  570, 556,  568, 556,  570, 560,  568, 556,  568, 556,  568, 556,  568, 562,  568, 554,  570, 556,  568, 556,  568, 560,  570, 556,  568, 556,  568, 556,  568, 562,  568, 556,  568, 556,  568, 558,  568, 562,  568, 556,  568, 558,  566, 558,  566, 562,  568, 556,  566, 558,  566, 558,  568, 562,  566, 558,  568, 558,  566, 558,  568, 562,  568, 556,  566, 556,  568, 556,  568, 562,  568, 556,  570, 556,  568, 556,  568, 562,  568, 556,  568, 1660,  568, 556,  568, 1650,  568, 556,  568, 1662,  568, 1662,  568, 1652,  568, 556,  568, 556,  568, 556,  568, 1646,  570};  // HAIER_AC_YRW02
uint8_t state[14] = {0xA6, 0x8C, 0x31, 0x00, 0x49, 0xA0, 0x00, 0x20, 0x00, 0x00, 0x00, 0x00, 0x05, 0x71};